# Marginal probabilities
7.97657121809e-18
1.00000000271
2.16236814446e-23
1.31018839723e-21

# Transition Probabilities
0.9999436753 4.21064531361e-05 1.42180038686e-05 2.43210404519e-10 
0.000194819230236 0.999715013878 9.0160597326e-05 6.29492365397e-09 
0.000293323841686 0.000370090067657 0.999301129631 3.54564599758e-05 
0.0069148463128 0.00156187317339 0.000985098522037 0.990538181992 

# Emission Probabilities
0.99813165751 0.00186834249005 
0.99254999489 0.00745000510957 
0.979908014468 0.0200919855321 
0.96502841125 0.0349715887499 
