# Marginal probabilities
1.00000000036
9.10948232462e-16
1.26818542727e-25
4.56055743236e-19

# Transition Probabilities
0.999815419804 0.000101557358124 8.30228294198e-05 8.50603754874e-12 
4.35900849359e-05 0.999913954195 4.23273913466e-05 1.28329021889e-07 
1.38155602886e-05 0.000479743296921 0.999310592597 0.000195848545923 
0.00272090516614 2.43924918558e-07 2.79018248043e-06 0.997276060726 

# Emission Probabilities
0.999433219073 0.00056678092656 
0.99747980324 0.00252019675993 
0.994121617845 0.00587838215505 
0.98089546474 0.0191045352596 
