# Marginal probabilities
1.67059860041e-17
0.99536013088
0.00458953662982
5.03333593461e-05

# Transition Probabilities
0.999885380563 0.000102577673918 1.19460852951e-05 9.5677874551e-08 
0.000272120361723 0.999642317146 8.47669103011e-05 7.95582178935e-07 
0.00026660843012 0.000798241132168 0.998920051718 1.50987199401e-05 
0.000383430621342 0.00151616597497 0.00288441445448 0.995215988949 

# Emission Probabilities
0.99980710229 0.000192897709888 
0.997950302222 0.00204969777797 
0.997607298346 0.00239270165368 
0.99763882941 0.00236117059044 
