# Marginal probabilities
4.01714963829e-24
0.989200840301
0.01079414416
5.01621660787e-06

# Transition Probabilities
0.999933925907 5.54831170949e-05 1.05908708489e-05 1.05537836205e-10 
8.60077553551e-05 0.999692025779 0.000170474136102 5.14923293535e-05 
0.00123820445448 4.63813976447e-06 0.998747531371 9.62603430714e-06 
2.62601020013e-07 3.8847691384e-05 0.00598552091845 0.993975368789 

# Emission Probabilities
0.999137158116 0.000862841883647 
0.996917918904 0.00308208109586 
0.992111760362 0.00788823963776 
0.975987589996 0.0240124100035 
